plant number	Quad	row 	column	genotype	elevation (m)	Dist	 photosynthesis	 stomatal conductance	Ci	transpiration	Ci/Ca	VpdL	WUE
G1137	1	A	1	GV200	3448	8401.80	1.017934236	0.016799414	243.1709145	0.21247452	0.642471454	0.873922693	4.7908532
G1138	1	A	2	GV072	2933	9777.11	0.884873658	0.014321406	261.1800455	0.161095804	0.688382018	0.873000162	5.492841121
G1139	1	A	3	GV095	2966	10707.18	2.158787941	0.028763587	315.1489788	0.83695969	0.83196047	0.932618196	2.579321282
G1140	1	A	4	GV086	2880	11302.21	3.200734096	0.018962649	285.7895623	0.828044762	0.756021174	0.941341606	3.865411923
G1141	1	A	5	GV050	2934	8548.21	2.556579475	0.023801758	302.3546704	0.777204612	0.801253348	0.8854702	3.289454844
G1143	1	A	7	GV161	3055	5731.51	2.609675987	0.018343678	283.3965464	0.659769459	0.748833566	0.94942597	3.95543618
G1147	1	B	3	GV066	2929	8347.33	2.199510637	0.027987552	313.1110201	0.861664209	0.827160539	0.965888236	2.552630845
G1148	1	B	4	GV048	2949	8277.90	2.32929402	0.018242048	282.113437	0.597690203	0.746679007	0.969579541	3.897159447
G1152	1	B	8	GV072	2933	9777.11	1.644226554	0.024628181	306.7989443	0.488328156	0.810512997	0.831812631	3.367052534
G1153	1	C	1	GV188	3126	5999.44	1.468848456	0.048362856	338.2824954	0.755625921	0.894319169	0.746218	1.943883097
G1156	1	C	4	GV194	3108	6572.34	0.965141948	0.044156989	333.6017668	0.557302553	0.883105277	0.90742997	1.731809667
G1157	1	C	5	GV096	2994	10817.23	1.568300544	0.029889721	318.2136054	0.579572518	0.839634506	0.855118434	2.705960852
G1158	1	C	6	GV194	3108	6572.34	1.211880613	0.039553115	331.0857439	0.623468065	0.872376832	0.904599241	1.943773357
G1160	1	C	8	GV197	3682	9932.09	3.874162179	0.023043027	300.4742302	1.289636054	0.794021888	1.000387748	3.00407403
G1161	1	D	1	GV096	2994	10817.23	2.488644919	0.013931341	255.7568178	0.550490983	0.674640415	1.091341752	4.520773262
G1162	1	D	2	GV187	3067	5996.51	2.639373298	0.022921855	300.1754213	0.899873109	0.792998726	1.026397415	2.933050529
G1163	1	D	3	GV101	3050	9460.26	0.832704064	0.032016213	319.768615	0.356693544	0.843826076	0.920939313	2.334508372
G1164	1	D	4	GV068	2910	10601.83	1.260520899	0.034040488	325.3347136	0.549487697	0.856265415	0.884723602	2.293992943
G1167	1	D	7	GV048	2949	8277.90	3.037804282	0.022775401	300.2250765	0.859079874	0.793950491	0.865118384	3.536113897
G1168	1	D	8	GV105	2929	9490.17	2.484928543	0.032803586	322.9100449	1.067737273	0.8507406	0.909813602	2.327284628
G1169	1	E	1	GV185	3411	3991.37	2.968424354	0.031233708	320.1909715	1.262342515	0.843443888	0.947446887	2.35152054
G1170	1	E	2	GV050	2934	8548.21	2.385136182	0.024334655	305.2394854	0.850490023	0.803854074	1.016166136	2.80442582
G1171	1	E	3	GV161	3055	5731.51	2.164807438	0.03410182	322.0254401	1.126550513	0.851539543	1.06411084	1.921624829
G1172	1	E	4	GV095	2966	10707.18	1.428269489	0.045397205	333.2391691	1.032806223	0.881123076	1.112205194	1.382901707
G1173	1	E	5	GV187	3067	5996.51	1.958428749	0.019449839	286.7844697	0.67246282	0.756669302	1.220269308	2.912322718
G1175	1	E	7	GV089	2869	11743.26	2.132163452	0.032606588	319.4619883	1.165815566	0.844584306	1.16186495	1.828902885
G1176	1	E	8	GV205	3463	7605.80	2.46400865	0.012014018	237.5252865	0.534802566	0.625934985	1.243005447	4.60732391
G1177	1	F	1	GV198	3623	10460.53	3.662497541	0.015754064	264.7879667	1.07416931	0.70187992	1.293537933	3.40960918
G1178	1	F	2	GV205	3463	7605.80	1.498389283	0.015445467	265.2015543	0.432890551	0.700305664	1.285863937	3.461358258
G1180	1	F	4	GV188	3126	5999.44	0.759807117	0.049529361	338.1581792	0.594693092	0.890445643	1.0918181	1.277645777
G1181	1	F	5	GV185	3411	3991.37	2.220075043	0.033899156	323.9004252	1.121831374	0.852746873	1.032041824	1.978973931
G1182	1	F	6	GV086	2880	11302.21	2.698068853	0.029815228	314.457753	1.341609892	0.831654561	1.1599575	2.011068097
G1183	1	F	7	GV066	2929	8347.33	1.668251161	0.020682702	291.2593763	0.664983389	0.76751365	1.328815802	2.508711028
G1184	1	F	8	GV095	2966	10707.18	2.992312986	0.028055087	310.5228272	1.509739781	0.820911824	1.249312612	1.982005789
G1186	2	A	2	GV188	3126	5999.44	1.413981972	0.011887115	234.8316358	0.271413843	1.114061255	21.39654303	5.209689952
G1187	2	A	3	GV068	2910	10601.83	1.179338672	0.024033847	303.9613446	0.476320414	1.158739309	21.65304048	2.475935605
G1188	2	A	4	GV086	2880	11302.21	2.139723805	0.017811622	277.6052108	0.725970299	1.314564145	22.85097313	2.947398546
G1189	2	A	5	GV185	3411	3991.37	2.676607797	0.018390555	279.1444382	1.014477155	1.420467979	23.55228901	2.63841111
G1190	2	A	6	GV086	2880	11302.21	1.679030231	0.028535905	311.4586282	0.876160751	1.269086642	22.75252642	1.916349515
G1191	2	A	7	GV105	2929	9490.17	0.994809631	0.047797523	336.3748118	0.784282975	1.139863872	21.42967911	1.268432011
G1192	2	A	8	GV202	3368	8392.43	4.282108813	0.016655048	274.0148899	1.239751662	1.197125292	21.6311057	3.454005302
G1193	2	B	1	GV197	3682	9932.09	2.595778396	0.016102588	270.4290175	0.736974441	1.217646811	21.65395573	3.522209525
G1194	2	B	2	GV194	3108	6572.34	4.883392404	0.015476194	261.4050806	1.540969979	1.404121554	23.05455104	3.169037989
G1195	2	B	3	GV089	2869	11743.26	2.904792114	0.013046402	246.7175754	0.743456623	1.35085622	22.54575793	3.907144043
G1196	2	B	4	GV050	2934	8548.21	2.105768668	0.030493204	315.8444126	1.108048701	1.199329924	21.83222198	1.900429707
G1197	2	B	5	GV089	2869	11743.26	2.346738241	0.017022297	274.5606147	0.716438941	1.240850146	21.85909319	3.275559306
G1198	2	B	6	GV096	2994	10817.23	3.426663958	0.014417458	256.6033949	1.011612888	1.411729415	23.11011369	3.387327307
G1200	2	B	8	GV072	2933	9777.11	2.31666008	0.019041396	281.7018592	0.923924199	1.448566538	23.65823364	2.507413576
G1201	2	C	1	GV096	2994	10817.23	3.927787475	0.010727562	217.6623325	0.911557523	1.483707966	23.89057859	4.308875057
G1204	2	C	4	GV185	3411	3991.37	4.378417509	0.015572815	264.8780079	1.369995725	1.382144968	23.56575902	3.195935162
G1205	2	C	5	GV200	3448	8401.80	2.727644235	0.018868587	281.8220286	1.002559175	1.34642266	23.62581199	2.720681535
G1206	2	C	6	GV175	3251	3226.81	3.268475631	0.029981225	312.4717372	1.922956471	1.365435201	24.14867537	1.69971379
G1208	2	C	8	GV187	3067	5996.51	3.67529401	0.012538497	240.1670944	0.895124864	1.336140059	23.83363424	4.105900929
G1209	2	D	1	GV105	2929	9490.17	2.223546103	0.009997653	209.3812366	0.457578074	1.409646383	24.30434736	4.859380796
G1211	2	D	3	GV048	2949	8277.90	2.010709846	0.007705255	161.8412642	0.291737325	1.290386446	23.6599946	6.892192656
G1212	2	D	4	GV066	2929	8347.33	1.813880676	0.023776494	302.4720784	0.703147071	1.123913802	22.61627178	2.579660429
G1213	2	D	5	GV101	3050	9460.26	1.770598457	0.014514621	260.5629654	0.416055318	1.112937652	22.15614891	4.255680388
G1214	2	D	6	GV187	3067	5996.51	2.001059508	0.025548627	306.8727618	0.82692897	1.120574063	22.1626544	2.419868672
G1215	2	D	7	GV188	3126	5999.44	1.973467622	0.02557949	305.9400156	0.88222983	1.210738865	22.66827287	2.236908744
G1216	2	D	8	GV095	2966	10707.18	2.361167579	0.033036122	320.7458209	1.3326668	1.187310164	22.47349358	1.771761388
G1217	2	E	1	GV048	2949	8277.90	2.776552218	0.018656639	282.6745094	0.911863498	1.219161703	22.59969735	3.044920895
G1218	2	E	2	GV161	3055	5731.51	2.218251755	0.016842186	274.2040008	0.707185631	1.304501935	23.02269387	3.136731938
G1219	2	E	3	GV205	3463	7605.80	2.866185074	0.020624171	290.0607325	1.189555974	1.384325766	23.58355658	2.409457929
G1220	2	E	4	GV161	3055	5731.51	2.104531481	0.024667913	302.4082866	1.025768157	1.364291594	23.6343317	2.051663883
G1221	2	E	5	GV200	3448	8401.80	2.525580689	0.015099721	261.2961439	0.777346277	1.40023834	23.81022008	3.248977661
G1222	2	E	6	GV205	3463	7605.80	2.24813901	0.018419314	281.4288626	0.807409161	1.339797822	23.5094193	2.784386305
G1223	2	E	7	GV175	3251	3226.81	3.080908064	0.029220572	312.5313833	1.660745089	1.275408121	23.28328857	1.855136038
G1224	2	E	8	GV198	3623	10460.53	3.008682823	0.009756452	205.6123815	0.572604628	1.336948175	23.42366573	5.254380906